59063086421
71053197119
72112189221
76100636777
76032893293
86022274225
83112696734
99042936929
73100255537
92040419382
94010259213
97072787289
07211084812
81051227826
09300132369
65080177989
93031829777
80030457548
72011359194
97091064147
95111331987
84123041159
73032484773
56100531296
67120945886
70071972999
09282044216
08271895518
05281646886
72101297496
54112589256
05230574721
70121836572
92082399916
69100923644
91062763842
56072835965
99053158327
55050332397
86042288712
89022886827
97070963964
06322326936
70082012264
59110299712
09250337636
78090953368
55011074722
80012114944
62032238611
63071398168
87100196677
83092164696
07232333955
93021114229
59081599167
51071415684
05242498174
57122345371
62033055336
77031065274
02270376517
91072224175
96020393556
63080932113
94031822159
73031917573
87011325621
52073129753
90020322712
96012837417
02300741241
58011079391
08320132753
86040835541
66022054869
94012077884
84013039518
66091946593
56010858175
55102881682
79022081513
71020694289
69052884172
02230934245
52052914743
86060959151
07302389413
08250717846
94020414976
95080918138
50121385511
82112772246
70111459626
03311855273
99050897436
63071147854
66081786514
50041959487
73101034764